1 0 -1.5 0; 2 6.287 -1.5 0; 3 10.211 -1.5 0; 4 0 -1.5 5.347; 
6 10.211 -1.5 5.347; 7 10.211 -1.5 7.176; 8 8.382 -1.5 5.347; 
9 8.382 -1.5 7.176; 10 0 -1.5 10.643; 11 10.211 -1.5 10.643; 
12 6.96 -1.5 10.643; 15 0 -1.5 17.653; 16 10.211 -1.5 17.653; 
17 5.08 -1.5 17.653; 22 0 0.6 0; 23 6.287 0.6 0; 24 10.211 0.6 0; 
25 0 0.6 5.347; 26 6.287 0.6 5.347; 27 10.211 0.6 5.347; 28 10.211 0.6 7.176; 
29 8.382 0.6 5.347; 30 8.382 0.6 7.176; 31 0 0.6 10.643; 32 10.211 0.6 10.643; 
33 6.96 0.6 10.643; 34 6.96 0.6 5.347; 35 6.96 0.6 7.176; 36 0 0.6 17.653; 
37 10.211 0.6 17.653; 38 5.08 0.6 17.653; 39 5.08 0.6 10.643; 43 0 3.6 0; 
44 6.287 3.6 0; 45 10.211 3.6 0; 46 0 3.6 5.347; 47 6.287 3.6 5.347; 
48 10.211 3.6 5.347; 49 10.211 3.6 7.176; 50 8.382 3.6 5.347; 
51 8.382 3.6 7.176; 52 0 3.6 10.643; 53 10.211 3.6 10.643; 54 6.96 3.6 10.643; 
55 6.96 3.6 5.347; 56 6.96 3.6 7.176; 57 0 3.6 17.653; 58 10.211 3.6 17.653; 
59 5.08 3.6 17.653; 60 5.08 3.6 10.643; 61 3.477 3.6 5.347; 
62 3.477 3.6 10.643; 63 3.477 3.6 0; 64 0 6.9 0; 65 6.287 6.9 0; 
66 10.211 6.9 0; 67 0 6.9 5.347; 68 6.287 6.9 5.347; 69 10.211 6.9 5.347; 
70 10.211 6.9 7.176; 71 8.382 6.9 5.347; 72 8.382 6.9 7.176; 73 0 6.9 10.643; 
74 10.211 6.9 10.643; 75 6.96 6.9 10.643; 76 6.96 6.9 5.347; 77 6.96 6.9 7.176; 
78 0 6.9 17.653; 79 10.211 6.9 17.653; 80 5.08 6.9 17.653; 81 5.08 6.9 10.643; 
82 3.477 6.9 5.347; 83 3.477 6.9 10.643; 84 3.477 6.9 0; 85 0 10.2 0; 
86 6.287 10.2 0; 87 10.211 10.2 0; 88 0 10.2 5.347; 89 6.287 10.2 5.347; 
90 10.211 10.2 5.347; 91 10.211 10.2 7.176; 92 8.382 10.2 5.347; 
93 8.382 10.2 7.176; 94 0 10.2 10.643; 95 10.211 10.2 10.643; 
96 6.96 10.2 10.643; 97 6.96 10.2 5.347; 98 6.96 10.2 7.176; 99 0 10.2 17.653; 
100 10.211 10.2 17.653; 101 5.08 10.2 17.653; 102 5.08 10.2 10.643; 
103 3.477 10.2 5.347; 104 3.477 10.2 10.643; 105 3.477 10.2 0; 106 0 13.5 0; 
107 6.287 13.5 0; 108 10.211 13.5 0; 109 0 13.5 5.347; 110 6.287 13.5 5.347; 
111 10.211 13.5 5.347; 112 10.211 13.5 7.176; 113 8.382 13.5 5.347; 
114 8.382 13.5 7.176; 115 0 13.5 10.643; 116 10.211 13.5 10.643; 
117 6.96 13.5 10.643; 118 6.96 13.5 5.347; 119 6.96 13.5 7.176; 
120 0 13.5 17.653; 121 10.211 13.5 17.653; 122 5.08 13.5 17.653; 
123 5.08 13.5 10.643; 124 3.477 13.5 5.347; 125 3.477 13.5 10.643; 
126 3.477 13.5 0; 127 0 16.8 0; 128 6.287 16.8 0; 129 10.211 16.8 0; 
130 0 16.8 5.347; 131 6.287 16.8 5.347; 132 10.211 16.8 5.347; 
133 10.211 16.8 7.176; 134 8.382 16.8 5.347; 135 8.382 16.8 7.176; 
136 0 16.8 10.643; 137 10.211 16.8 10.643; 138 6.96 16.8 10.643; 
139 6.96 16.8 5.347; 140 6.96 16.8 7.176; 141 0 16.8 17.653; 
142 10.211 16.8 17.653; 143 5.08 16.8 17.653; 144 5.08 16.8 10.643; 
145 3.477 16.8 5.347; 146 3.477 16.8 10.643; 147 3.477 16.8 0; 
148 10.211 19.8 5.347; 149 10.211 19.8 7.176; 150 8.382 19.8 5.347; 
151 8.382 19.8 7.176; 152 10.211 19.8 10.643; 153 6.96 19.8 10.643; 
154 6.96 19.8 7.176;