1 1 22; 2 4 25; 3 10 31; 4 15 36; 5 22 43; 6 25 46; 7 31 52; 8 36 57; 9 43 64; 
10 46 67; 11 52 73; 12 57 78; 13 64 85; 14 67 88; 15 73 94; 16 78 99; 
17 85 106; 18 88 109; 19 94 115; 20 99 120; 21 106 127; 22 109 130; 23 115 136; 
24 120 141; 25 17 38; 26 38 59; 27 59 80; 28 80 101; 29 101 122; 30 122 143; 
31 2 23; 32 23 44; 33 44 65; 34 65 86; 35 86 107; 36 107 128; 37 12 33; 
38 33 54; 39 54 75; 40 75 96; 41 96 117; 42 117 138; 43 140 154; 44 138 153; 
45 8 29; 46 9 30; 47 29 50; 48 30 51; 49 50 71; 50 51 72; 51 71 92; 52 72 93; 
53 92 113; 54 93 114; 55 113 134; 56 114 135; 57 134 150; 58 135 151; 59 3 24; 
60 6 27; 61 7 28; 62 11 32; 63 16 37; 64 24 45; 65 27 48; 66 28 49; 67 32 53; 
68 37 58; 69 45 66; 70 48 69; 71 49 70; 72 53 74; 73 58 79; 74 66 87; 75 69 90; 
76 70 91; 77 74 95; 78 79 100; 79 87 108; 80 90 111; 81 91 112; 82 95 116; 
83 100 121; 84 108 129; 85 111 132; 86 112 133; 87 116 137; 88 121 142; 
89 132 148; 90 133 149; 91 137 152; 92 22 25; 93 25 31; 94 31 36; 95 43 46; 
96 46 52; 97 52 57; 98 64 67; 99 67 73; 100 73 78; 101 85 88; 102 88 94; 
103 94 99; 104 106 109; 105 109 115; 106 115 120; 107 127 130; 108 130 136; 
109 136 141; 110 43 63; 111 46 61; 112 52 62; 113 64 84; 114 67 82; 115 73 83; 
116 85 105; 117 88 103; 118 94 104; 119 106 126; 120 109 124; 121 115 125; 
122 127 147; 123 130 145; 124 136 146; 125 31 39; 126 36 38; 127 57 59; 
128 78 80; 129 99 101; 130 120 122; 131 141 143; 132 22 23; 133 25 26; 
134 61 63; 135 61 62; 136 82 84; 137 82 83; 138 103 105; 139 103 104; 
140 124 126; 141 124 125; 142 145 147; 143 145 146; 144 62 60; 145 83 81; 
146 104 102; 147 125 123; 148 146 144; 149 63 44; 150 61 47; 151 84 65; 
152 82 68; 153 105 86; 154 103 89; 155 126 107; 156 124 110; 157 147 128; 
158 145 131; 159 38 39; 160 59 60; 161 80 81; 162 101 102; 163 122 123; 
164 143 144; 165 39 33; 166 60 54; 167 81 75; 168 102 96; 169 123 117; 
170 144 138; 171 23 26; 172 44 47; 173 65 68; 174 86 89; 175 107 110; 
176 128 131; 177 26 34; 178 47 55; 179 68 76; 180 89 97; 181 110 118; 
182 131 139; 183 35 34; 184 33 35; 185 56 55; 186 54 56; 187 77 76; 188 75 77; 
189 98 97; 190 96 98; 191 119 118; 192 117 119; 193 140 139; 194 138 140; 
195 153 154; 196 38 37; 197 59 58; 198 80 79; 199 101 100; 200 122 121; 
201 143 142; 202 34 29; 203 30 35; 204 55 50; 205 51 56; 206 76 71; 207 72 77; 
208 97 92; 209 93 98; 210 118 113; 211 114 119; 212 139 134; 213 135 140; 
214 151 154; 215 23 24; 216 44 45; 217 65 66; 218 86 87; 219 107 108; 
220 128 129; 221 29 30; 222 50 51; 223 71 72; 224 92 93; 225 113 114; 
226 134 135; 227 150 151; 228 33 32; 229 54 53; 230 75 74; 231 96 95; 
232 117 116; 233 138 137; 234 153 152; 235 27 29; 236 28 30; 237 48 50; 
238 49 51; 239 69 71; 240 70 72; 241 90 92; 242 91 93; 243 111 113; 
244 112 114; 245 132 134; 246 133 135; 247 148 150; 248 149 151; 249 24 27; 
250 27 28; 251 28 32; 252 32 37; 253 45 48; 254 48 49; 255 49 53; 256 53 58; 
257 66 69; 258 69 70; 259 70 74; 260 74 79; 261 87 90; 262 90 91; 263 91 95; 
264 95 100; 265 108 111; 266 111 112; 267 112 116; 268 116 121; 269 129 132; 
270 132 133; 271 133 137; 272 137 142; 273 148 149; 274 149 152;